---
generation: 121
last_run_time: 1406758023.33018
tests:
  t/test_music.t:
    elapsed: 0.0648550987243652
    gen: 121
    last_fail_time: 1406757708.00915
    last_pass_time: 1406758023.32952
    last_result: 0
    last_run_time: 1406758023.32952
    last_todo: 0
    mtime: 1406758021
    seq: 121
    total_failures: 49
    total_passes: 72
version: 1
...
