---
generation: 2
last_run_time: 1406563323.50063
tests:
  t/test_music.t:
    elapsed: 0.0561611652374268
    gen: 2
    last_fail_time: 1406563212.08177
    last_pass_time: 1406563323.49991
    last_result: 0
    last_run_time: 1406563323.49991
    last_todo: 0
    mtime: 1406562256
    seq: 2
    total_failures: 1
    total_passes: 1
version: 1
...
