---
generation: 59
last_run_time: 1406582011.41311
tests:
  t/test_music.t:
    elapsed: 0.0525898933410645
    gen: 59
    last_fail_time: 1406582007.8695
    last_pass_time: 1406582011.41235
    last_result: 0
    last_run_time: 1406582011.41235
    last_todo: 0
    mtime: 1406582010
    seq: 59
    total_failures: 25
    total_passes: 34
version: 1
...
