---
generation: 75
last_run_time: 1406670139.10028
tests:
  t/test_music.t:
    elapsed: 0.000536918640136719
    gen: 75
    last_fail_time: 1406670139.09936
    last_pass_time: 1406669794.7152
    last_result: 1
    last_run_time: 1406670139.09936
    last_todo: 0
    mtime: 1406670136
    seq: 75
    total_failures: 35
    total_passes: 40
version: 1
...
